NOMINUM ΕΤ 9638011931

nessus 11 11111 ’1111111111 1227,
29. 111111111111111 Historias pnr-
11111132111119111
37. 1316, 30. (11111111 opuscula
111111111230, 46. 1233, 34. 1233,
40. (11111111 1111111111 1210, 41.
1>
goras 11111111 1177, 44. 1220, 34.
1271131111 11249, 34. 1263,
35. 1111111 1111111247,25·
6111111111111 stis Γοηγοοᾶ 1η-

, 1111

ipsius 1111111111 166, 13. 311111·
111111 sum 1111ςωί nutat 168, 15.
1111 81111111 11111111 170, 2. 111-
pust opem nsgsts 111110111111111
punitur 17611. accusatur 11111,
11 blasph-eman sb 1111111 11111111
1111111111 11111 11 111111111111111

1111 0111111 177, 9. omni 11111111
1111111111, 1111111 11111111111111
1111 111111 inne 11 11111 1111111,
1 111 11111111111111111 moritur

173, 13. 1111111111 eruditos
111111111 1111111111181, 12.

nn 11111308, 1. (11111111 11111· Gregorius 1111111111 (1111111111)

1115311 fanum diligsns 1230, 23·
1254, 4 . 1236, 37. 1237, 9. 11
81111122211111111711
111111 1267, 13. ln Gsngrsphis 111-
111 1201, 1. 1207, 21. nem m 111·-

⁵08212's ⁷⁷⁰, 12¹ 9¹¹2 12· 918, 1⁴·
957, 17. 1027, 1. 608. 12. 513, 4.
911, 13. 918, 14. 929, 21. 934, 8.
957, 17. 1015, 5. 10634. 1073, 2..
1ἑξ2,ἑξ. Add. 1279, 28. 1292, 6.

storin 1307 , 24. obscurus 1267, 6. Gregorius Nynssu· 609, 6. 988, 21.

1263, 121273, 20. 1271161309,
44. 1316, 19111111 obiicit id quod

1109, 22. 1140, 6. 1142, 12. 1248,
20. 1322. 26.

1111111111 1808, 6. 1309, 7. so· 61111111111111111286, 20.
11111111 111111111111111111 1228, (11111 Armenius, Byzantium arcessitus

3.(111111111611111 11ξὶ11293, 10.
2131131111 111111
6111111 111151 1305, 10. phtisis
insolens 1168, 45. locos 1111111111
Ϊτονὶιοι 11111111 1204, 17. 1227, 33.
297, 1. 11111 1111111 1292, 9. 111
ipsius 1111111 compilat 12342. 1265,
2121131211 :nnn

1111111 (yffi) 11ιὶ 11111111 31111111
5116166111 'csffnffiufflmeoffin'
1111 111111111111 11111 3111111111
filiam 11 patris ssligions 1111111-
11111 623, 4111 011111111111 11·-
finon 111111 623,13. Thessaloni-
censes 111111111111634,3.011-
11111111 Σ1ργηπ111111111 11 Συρ-
γή 11111111ιᾶ1 1263, 22.

1160, 80. 11111111207,16. 111 Gyllius (211111) 1221, 1. 1221, 32.
liuns 1111111111 11111111 1207, 28. 1237, 36. 1291, 21. 1294, 44.
1111111111 11111 111111 1196, 35. Gynssnnnsstrnms 111111161111111

11111111 nimis 11111 1295, 22. 11·

, sb 1161 ’111111111111 634, 6.

11111111 consentit 1275, 21111111 (1111111111 315, 17 111. vids Portas
1111111111. 11111111 1153, 23. Busan.

130331. 1111161111 11111111 1293,
1611111111 hsud exsequitur 1151,

11. 111111. 111111. 1111, 11. 1111111111.. 1111111111.
1301140111111111111111111111111 Η111111111111. 111111111111. ,
11111111252,21. 1111111611 11· Haemus mons 455, 9. 483, 24. 431,

gnus 11 111 111111 111 1111111294,
41. metuens fustis 1273, 12. senio
1111111 1111 111111 1111111 nvn.

15. 1111112111. 653, 4. 11111111 ,

11 11 monte exstructus Andronico
sonions 484, 13. 111111 oppidula

1294, 81. sexagenarius 1309, 30. 457, 21. 458, 9.

(111 sins 011111 1179, 17. 1293, 111111ιὶ1 maxim 1111111811. Vidn
1 . 1111 1111111111 11 1111111111 Praenestis. ι ‚
11111111111111111111111 11111111· Η11111111 506,14. 116111111111111-

111 163, 11. 1 quo ordinatus 11
11111111111 164, 16. 2111111 suspe-
ctus hstinisni 165, 11. 1116111111

Ntcspnsm (tragos. Vnt. 11.

guntur 833, 15. 111 repudianda
qussnnnqns sb 111 11111111 928, 19.

111111 commentationes obscnns et

86

 

